184271,220.0,5.027777777777778
184298,2294.4444444444443,149.25
184463,1097.0588235294117,31.764705882352942
184674,563.6111111111111,9.63888888888889
184845,753.8461538461538,22.256410256410255
185375,444.1666666666667,17.291666666666668
185754,536.969696969697,13.393939393939394
186115,300.90909090909093,9.363636363636363
186508,2796.923076923077,48.48717948717949
186510,1228.3783783783783,37.054054054054056
186577,420.0,16.458333333333332
186613,572.7777777777778,7.833333333333333
187076,593.0769230769231,19.205128205128204
187806,363.84615384615387,8.884615384615385
188170,518.974358974359,11.974358974358974
188721,1832.8947368421052,35.026315789473685
188722,1140.3030303030303,75.39393939393939
188798,531.0,8.033333333333333
189072,836.9444444444445,9.583333333333334
189772,725.0,11.166666666666666
189775,2910.769230769231,87.53846153846153
189839,432.3529411764706,36.705882352941174
189871,678.6111111111111,9.083333333333334
189913,2074.864864864865,119.27027027027027
189947,1605.0,79.52631578947368
189997,1013.3333333333334,14.805555555555555
190092,1981.3,277.45
190150,262.3076923076923,6.897435897435898
190153,219.7058823529412,5.5588235294117645
190379,522.3684210526316,18.605263157894736
190436,740.7894736842105,11.81578947368421
190854,1311.2,30.16
191355,491.05263157894734,14.5
191380,1430.5555555555557,46.94444444444444
191448,797.7142857142857,33.42857142857143
191950,1099.4117647058824,125.61764705882354
192007,631.4705882352941,17.764705882352942
192036,186.66666666666666,6.666666666666667
192134,1319.6666666666667,17.133333333333333
192303,619.25,12.725
192866,688.125,20.3125
194880,1084.3243243243244,41.08108108108108
196856,920.0,19.95
198476,542.6470588235294,12.852941176470589
201889,1559.1304347826087,17.304347826086957
203359,739.7142857142857,16.4
206450,1990.0,211.0
206829,1060.6060606060605,42.45454545454545
214509,910.8333333333334,18.63888888888889
215550,598.8888888888889,15.333333333333334
216511,721.6216216216217,17.56756756756757
221065,448.64864864864865,19.45945945945946
221339,1384.375,165.28125
221704,594.2307692307693,20.653846153846153
233096,116.5625,3.8125
